$ANSIBLE_VAULT;1.1;AES256
34663366313265303163623133366463613831656431363266376437356137663930336634363163
3730666335323130663366386333356662613233343937350a626663386338393833643564383239
34613462303863386636646334636135336633343363396136616464356562636262353733356134
3264636539626262650a323234366133383433653965306535623037343262613264323861663564
39633266646537303064303137633265386134386631373863323665373863636363373162303736
61313536366333323737636135616631353462363362313362643939366334356330633539333764
34653739326335363561643863303835633036356464346439643631306438336437376334326436
38633864303163306561643630313666343932326661643163326331353662386139396635656565
63656434346239633163623034333235643239333234356638646134306164633739373033323137
38613137343135353132316663343233383566313234303266323531626231666432623135366234
65653361323038363032303739386431326362366534376335333336663036343738313933386236
30303136336231653238643463383638336536303563613333343739363034633032633662623330
39323432303162616335343064353666333862663430646638656562393739376263373936353136
33393031356139376565323264306164643232643931303733346461643433633366353163646138
62663838393835373333643264353235636633646363393562653130393338313331326334393832
36666265323264333562343766343732313136366632643238623731363764613932396635333764
39663861393531333033326664303666333638633863393166623034663962623063643033313339
32346531306666323836336662643332636364323264396566303138336333656364363933316264
39626364663365646134646337323839346264396530356131323064323862316436383065373131
31333635356566353132303538393863626363613363353634343534316166313431306231383730
61626233616235386163353337353866303539316337353761346166343033353861323137303533
61633735653734643638366531303038326239333830613737623036623535623136343231316462
32313264636165303864306365326366326535656433346435623934313431663966626265396261
32643733356338343566323234366165373537393865313739313262336365666432663232623964
61343364616437653739356237323938343738643031636132643432663836653761326364343361
63333932373037623163356237323737356662636334316565663237616237376632393637386665
33663837373631613632666635366236343731376530373335383635306230393330363262613861
35343937353135316662333138336330643135643933353165616631646263306634316132383163
33643736303264343737616263356235393832326364663666376530653264313639633238633031
65636666343763613231336261376561316164336665333964366162656562363733306533343866
35643163373366363338613137383530626235393163643061336136393464393862333265663666
34646665316334326334363530306538666230323432616263333364363165373439653531666438
66303231376664376665396163306364643362666664306363323338373737333866373331663935
35303539393436373033383230623435383930666539343661613764363061383435656264343234
39316339633734383530343339633836353162653165396665643839393833643264376232343962
30316637616364353262653136313564386262393032613238303731636635313766643031656331
31333862353163373361646463346562346264363566656362636232393139633637306561623864
38313030313966633935626634373736626163653437326164393835343362303037653231643635
36326339656434623437313333356535633938396261626134366134393361323935653533333965
33383361633637393837326239353037363761396337353365633464306231643339643530373834
62373133636336653066343733353939363036623530376332626163373065663961636532303763
64356532333163633035333330363638636664343830626230316432363266373663363931656661
36363162353332323961366665653866306462663439333938323265303130396262633635653834
35656435613064653964613765353434363639333965336534663734623330323831306165336362
35346665363838613734363632393032666639343637323066333338616361376365373737353433
37373138656164373263313539376532613131336239653136633633323035626535666436353061
39383137333532366537323632653139346336373838666631656537306131366433363765373734
30656637303937636664383931346164623037393631346536636238313834323434373035396235
35313438623339623336623134636561613030646265373030613332303162656132366636396634
64393135643130623561383865633834626262393334353039336337383965663137353235303465
30353061393564616361613936363939326233323031363435386662613531396631306332346366
65623462356539336266346135363535396233356665363637626537323133653832353433323933
65663932386563306165386232613730633463613536303962326163383536613335376661343731
31383764373734333863633930386437313866386365343264656164643165613134616635643965
31383434333638383838333565666433366334333263396264346631313666333236323338333533
62333235316330333937383261613930376330643530386633303263636261643766333963313339
66303132323365626661613362303138633037613936616537396363626261323934346661383935
61396166396535653236373738353235623537373163623236613439626637303835336436336131
30386134376534653733666565373964336163376138346236363462353537363761393863376437
32666361653636316338613831643466323733326664383531363262313362396334616361353466
33653934373039383533303432363464373238323465613134363233653032313033326663323335
63386664626633316465383838663764303233393832646366303062336465353864316162643236
32346539313131353562316261626364333235303130336135373863306163336437346461643364
66373930386566653938353634356234653261613765323637663331303063643361333538303534
37653964663365623135383263333731633230383036303431333363666664356561643033373133
63323865663461303431653864373336396439653039646362346334613839656533393839356537
65376434636434393235346335623364393266356634616162653463396462343538663330336239
64393335626539303733303836373630633230393539396234383132626632306164316261633936
35363534316433303433363631376166306630313465663937323634396637653538383931386233
39393931633961333633643536656633373165633733393564656630366231663264323561373631
30373961613431346631393134386534326463336662613034383564343466643239336363633465
39313666343435356532303430333037396261326561323461373963306130383661623034326134
31666162336561366635313861346266393334316536306537643739643964373561646630353037
33373563346631373435376638643039366166663064343661303362383933663430343266303437
36643131313231303063623033363332656435353864373761323233646230383263326163626162
34313038396339613763623561626364363161396162383262656161316637366466383037646364
65323335383464303235303838353536353761343161353838663065626234343233316464313965
64663737633532393566633437346631623831363033323564376436623436316363323261383335
38383136376364393433613137613734626339396138373165316430643462623433643663623163
62653634616635313664366236616165373438333766303262393635343133383733646661323834
39333434393238373930613561616165363132386435353737663062373466396163613638623063
63323830626364646365373465636664633063386139313263343134326466393134373231323365
31336536366163343962356665333061653334336565303264663834666436663536383036643237
37616439353531396630643963613839636564626531396162653738656164313430353566313732
30623430346164633231393863323062333061616231346239323938366663663861633966396561
33333234373430636135643230663936336532303436633931666233353165383939383562303134
37376462343463353565333431303463636536616439393761333230613736373032623362653032
63346136633231303764643930623733633038643265633037376466326430323639383937616365
32663063353237366131326236373333343264646639613339633232316238306538663834346635
38383132653061623036333635326235643638646266323162373864386161653964396661613462
65363337336361643238313936336636303138363832353964333136383065393533386233396234
62356137303766326135323364363536636331343137303433323866373863343464383464373162
34353838653466333065643638383530663830623433626439353330656433653634323235613034
38303062656333633465326663333030623663363934316562613037613964383138326461386366
62366362616530306535613436326366396533623363393339343963646633313563653761383338
33373365316262623739343737393966623431613231376136643965343636613862333533613161
31376663643261356536666435333563623430646232646232666239613835623535346539636461
63343139326365386362316464643837646165343534303536663737633239646333376138336463
32316563313465333235643736653963306531613332353366666431643333363031633661343933
62363230363963336461363638646436656236373935346532373636613665346233366334653631
61373437616638323066353233323362323134303363363266646537383039353837316438656262
66326463663038346633376262666466313466323038383861336139656234353338396364366231
61643862623433646130323637636333336638636638303431333131326434626262666431666436
62363564646130613565363438393535613932656138396537336664636330626464643431306532
34306536353630386161336236356437306235333364396331333362336263346233663465316538
62616361653766316232663132666463316466633038633238313830313533633430353936663665
38343664346533323537313066333765386435366133386230613264363363313762366162633731
61323730343363313363356133613363333033353166373839623433623235383738353434386637
34633065623965386661333062383333316532653630366264333938313462376261343864363939
63623562616562306137356263663032623466323661393638663634616631623966343931656434
64653462623131343831616133656134346232646636303563303030303138343133353636356332
65376363646334623239613563643839303566663634646163656233373538663161346433366530
39343532366438333337396661393763353863623039313736633661363465636139373364643062
39383162316137313832303864323131616638663061333430396436666333653263636435616236
63653935376465356531353665383962636430356437633435653336636330666466626634643766
61313262336263396563346265313536303164313036323166386334363833653363383464363566
39393637646632633061333136623437353935363965326565316633616663306132353236333735
32383831323636663462303131383834626134636266663466626631626536643836376631396439
31623434663866623462663339613336393738366431356533313534666337373637303937303331
32633234376437643163613031656664323461343364306336613763636636323037613531626434
64653837326366303238366139633933313063383933306434643736633862633632646435623661
30633539356438346165326531353663656563396639323230616637613638656366316161336134
32323665623738313831616263316135643765313234316332313837323336396361336563666533
33373435373332383238363831343265346637666663336236383663346465303933633639623762
31663937346465383830386631653661643564376138633232616432326138643034666365616263
64613135353965366139343337663734643931333733366161616463626362616537363564393762
38353864616531666262326237653632616563313333346635386138383566623363313636616161
61333437623964316437356539353835633661323161626261343161386335653664303861343739
34383538373738666366343637303363333630346333346530356239643336323830646130333933
61616533393535626132356436383931393330333638323032623766393939613462643363613130
64663633386431636638623361306133353336393461333739386338323036643464383630316139
33363237366563633337343162303830613862313831356464396234376333616564346534626163
62353033613765656236306535356362613966643535313437663934616663376234323534393331
62363265663965306238303138353937313461336265613763393162356339393365323937643036
363965343164623630666433343466306138
