$ANSIBLE_VAULT;1.1;AES256
33626638313437393937373139303666303265383137383934626462326539363262333262396539
3232626337623738373330653232663863616636386330320a313631626664313932356663356631
33323838613165616363303762366466333839616664656232303962383761633931636165313438
6664346262363664370a316237383261646431313661333362653539356630626366633433663235
61393863316634396534626637393635366434626635366264643131633734346566363263326331
64333966646564653163306438613939653364313761323538666430363930316563663130376265
31613932356234303632376433613166623262323734636539366336326436346462393465663530
64343735393133333730653165626138633162383837346364346136353837386531323264303239
62333263303364363764643736363435373032326538353762636131393563323939636166373238
39623566343537616662666134626339393434643661326236643736383638613733316435646538
36646132313263643134376163343530326632643037303333646664613630306135373831343830
39386630346564313534643961326165316565313434396333626565343837663337653562336162
34386332336665353737373765306663306265383235333533663732353561336336663363373732
37343039303136613366633233306261363135396563323431353839376264613639386464323266
30633762353566653764626337626234613438363134663830303339623039633031326161343662
34366439316439363036646263303736616265633265666266303633623438663232326166636637
34323930346261373438663266666139333365636563396561643232396436373333623236323531
38313435363331333836323362373965313733616433623139366538303539636566646231356231
34656235303732313863383661646237373631393239616138303262643330393838363666653735
39356131643965333833373834386131343031336231376135613338653734623033343039383830
63303464653263646661616462656530633833623337643536623730666364326536386562303838
39633963323865366234363530653366393837646237303734303761366161616532303661383431
31333965616365623038336366393062633565356264316362313037623638393831323966633134
35343530633031666135666563383132396661313836656630636234653332626536656535393432
62653035363830353030396664393339613738613534316366636265376163353332653032393034
63346230356234393536323836636333306466656230363134636161643763343863666535383434
35643730613862306432386263366431323133313062313333313166643463363666646135633538
34386564626366636536626134316631323639373935653332653962363539386136306364633165
30626133613663393732666438366238383465653135346363656364316664313436623036333932
34393134333334313430393763313864306335383836616431643466613134383433376564326465
30323139356231303661343766396264396535613935633139316263383736336163376164396134
35616234623064366137313337373562363037383933303932633837666335616635343830313738
38663264373931316364613265386137376138666234626631313834643430373331363938306337
38633937313732303862326438653966363564646635323239353733383065313038626361656131
65616565366538626632366636633262323261353064626531636566383337646335626337383835
66343264393361643430633137343065663062646139633563326231383062643738643230646230
62326434643632663030353733373737663162626637656361643639643161376430643633643034
31353439346237356563613334323234363930303462313864383764626662623132666338396264
30346563353138353662393466353336363964636435366339333861313262646331356635653536
33653238373938663136663866356565333562646335396364353937623731386336386336353563
31646230663062323962326430326363393837653535633261613236656336613065333130613364
65313737356132306531376264393762623533303931613261306430333733633461656261316466
34633033616163623735633466333362393463363066356662383430363965616664343235646334
34653730633065626163333932623237383032616164303564303839616264666133666536306538
33306439326266623462626662353430396664343164653065616632336130313331323634303661
31636434303430363933313964616561393562626332653134333637323437626436346332333637
32356631356139346262306338363566653065326666326238303035316330613063623762303032
34373666353064333034636663393031363366636238356366623665393962626464353566346437
36336231653166363132336631333035633831616233656332353064333363643237323435366263
66326531626337303961393433383063636364323237353338363137366436343165383439613439
36663638613533623761646361343638613536643438376135656339393266333963613565303231
37613366353936636238326337353563666563633261663030326239326461666130666162616133
31323565373736653734633636343163666437343764326662333532363966633163343237343937
65386234356531646161663162386137303666663765363265363964376438613838643063613963
34333866383766333833393837653762383337353136636638613235666138366332366265653635
39633037366133613930333036623864363936653735333037383630316364323539393063653637
37653534323730333336356361653961346630326330326533616364643330383833646464633238
39386162623736353935316335343764643736653434366537333931363031613036386263656461
37623761316462653366376131643334363638356264353036333461613838356161376431313735
36653465623331633366306134386635323261653639643966366661373937653931316363353532
30363862626538343539303263633461343034383434363464343563303837386630656164393361
33306632373938333739343439323638316461643638306365396537303235303337363137636532
65363539613561396637663738633337613764623737663431316365316133613131636261333466
66303433393133613566333636643462613332616637393239363665346137363530396631636562
32326362333232313038656235333835363035356666376135386366306138303162326162353764
36643361626236613632303337623339306436343731333833633035623865663364333931356562
34373437333232643735363932656139353861656330633134663635306362396366303137393132
63623566343065353736376137363538616164663035626133366537643363643065386537363964
36663064626566376131306533353534303831626130363739313261373766303338346234646236
37656565616161633237303537376439323835653864356133653431613936326134653133633331
61383663366562636363643664636134623763353566383239323135616636343838376337666361
33313762383762373533653734633062303463353531386235376333353865343438383532303433
62666234306138323135653261356537306136343066303163323032373866356439356337306436
34306139636262393632343131366130386166376632663731663638353036633439663033313936
39623862346233376465336664633064316661643236383731666662393931343130316262353430
62356336373162636339626435643733323564623365333232363263643135393934663030383039
39623864643133316361363763343661323736626433633731373963626537623035353766623965
62356661666266313935636133383263323436383836313462643861386633643561646366393664
32376130623763643637356430323635326638393236616534653265656230393839396463643865
36353362336666396336643336373034353436396431313332316134663730353334353862656264
36373766363230616334373937326135656165643565626666656536626631363265336637313261
62326262626461653262333362643833313261636566396235393733366533366261333964396262
34663737613239393436643564393263336632336238353731613064666138363932383165323237
61656533663364356661393538633262343838326665613465623266373861383038633937323935
35313736613737613230333133386532633236383735646538316532633034313838373931366631
63353639613761613163656463356661633838383566336635613037376262613333303431633137
66383963653835393464646464333532316638353233386264626263316630666664346530303962
34333763363335623032
